=== Метод серединных градиентов (Python): отладочная информация ===
Итерация 0:
x0 = [0.0, 0.0, 0.0, 0.0, 0.0, 0.0, 0.0, 0.0, 0.0, 0.0, 0.0, 0.0, 0.0, 0.0, 0.0, 0.0]
h0 = [232.303886, 746.04217916, 8.19479728, 232.07179336, 1.90842686, 138.98549422, 16.86945069, 15.74655606, 24.13616525, -22.22222222, 78.20643435, 3.41088194, -0.31859413, -1.13269176, -3.0981692, 60.31223634]
A @ h0 = [-6299.228432159998, -90712.54934208002, 15606.1770156, -1262.3293000799995, 4223.67702624, -8775.191603159998, -1739.5331313600004, -802.7712874799995, -3749.5086811200003, 6841.5028610399995, -4887.0082461599995, 104.66383680000013, 694.7684193599999, 909.0060825600001, 1776.59996976, -5981.064487560001]
alpha0 = 0.009716035051916759
x1 = [2.257072699072475, 7.248571962926923, 0.07962093761583211, 2.2548176788469427, 0.018542342265779437, 1.350387933549494, 0.16390417421062137, 0.15299409062593225, 0.23450782758785524, -0.21591189002100344, 0.7598564574300268, 0.033140248486989834, -0.0030954717344149245, -0.011005272843177285, -0.030101920543968902, 0.5859958023389277]
r1 = [171.10036175310282, -135.32412989637783, 159.82496018998728, 219.80695763336118, 42.94582089492337, 53.72542501641185, -0.03191418826428105, 7.946802092171978, -12.294192523228094, 44.25005938565344, 30.724090931303174, 4.427799447016895, 6.431800185466561, 7.699243200558499, 14.16333837942241, 2.2000041310925056]
beta0 = -0.18645659939015405
h1 = [-214.41495436178084, -3.7803578314158415, -161.35293422350776, -263.07827503764133, -43.3016596774238, -79.64018763323296, -3.1135062209730067, -10.882851387226001, 7.793845228394287, -40.10657939961992, -45.3061967306335, -5.063780894470586, -6.3723962074010965, -7.48804534683165, -13.585664286055096, -13.445618620664176]
-------------------------------------
A @ h1 = [24930.954914119193, -16645.384730655318, 4486.206521418664, 29071.426336646713, -3884.1502516799555, -1192.5137128596048, -125.73386632096418, 1506.2165405612707, -3227.5028537011694, 2376.9591167794165, 1729.1664456846102, 387.6919613822966, 73.97665923874126, 640.366780401529, -241.11310402423283, -183.93791522514812]
alpha1 = -0.009525468949668544
x2 = [4.299475689190216, 7.2845816440687114, 1.6165833024997662, 4.760761619050356, 0.43101095699219427, 2.108998067995631, 0.1935617810430996, 0.25665835359881073, 0.16026779686626313, 0.16612208672749215, 1.1914192276152509, 0.0813751361651942, 0.057604590474169805, 0.060321870601777614, 0.09930790277346979, 0.7140716250191494]
r2 = [-66.37867516692589, 23.23096551076617, 117.09173926841326, -57.1120112589434, 79.94417351314804, 65.08467736030997, 1.1657598512978353, -6.40061679642157, 18.44928569466901, 21.60840912413954, 14.252969644125699, 0.7348517068337324, 5.727137814887718, 1.5994493174445223, 16.460053765163444, 3.952099031236415]

Итого сделано 2 итерации
Итоговое решение x = [4.299475689190216, 7.2845816440687114, 1.6165833024997662, 4.760761619050356, 0.43101095699219427, 2.108998067995631, 0.1935617810430996, 0.25665835359881073, 0.16026779686626313, 0.16612208672749215, 1.1914192276152509, 0.0813751361651942, 0.057604590474169805, 0.060321870601777614, 0.09930790277346979, 0.7140716250191494]
